Strongly_1000_2_XYZ_10_False,0.02,1.0,1.0,0.021372328458942633,0.020202020202020204
Strongly_1000_2_XYZ_10_True,0.02,1.0,1.0,0.021111111111111112,0.02
Strongly_1000_2_XYZ_2_False,0.02,1.0,1.0,0.021111111111111112,0.02
Strongly_1000_2_XYZ_2_True,0.02,1.0,1.0,0.021111111111111112,0.02
Strongly_1000_2_XYZ_4_False,0.02,1.0,1.0,0.021111111111111112,0.02
Strongly_1000_2_XYZ_4_True,0.02,1.0,1.0,0.021111111111111112,0.02
Strongly_1000_2_XYZ_6_False,0.02,1.0,1.0,0.021111111111111112,0.02
Strongly_1000_2_XYZ_6_True,0.02,1.0,1.0,0.021111111111111112,0.02
Strongly_1000_2_XYZ_8_False,0.02,1.0,1.0,0.021111111111111112,0.02
Strongly_1000_2_XYZ_8_True,0.02,1.0,1.0,0.021111111111111112,0.02
Strongly_1000_2_XY_10_False,0.01,1.0,1.0,0.021111111111111112,0.02
Strongly_1000_2_XY_10_True,0.02,1.0,1.0,0.021111111111111112,0.02
Strongly_1000_2_XY_2_False,0.01,1.0,1.0,0.021111111111111112,0.02
Strongly_1000_2_XY_2_True,0.02,1.0,1.0,0.021111111111111112,0.02
Strongly_1000_2_XY_4_False,0.01,1.0,1.0,0.021111111111111112,0.02
Strongly_1000_2_XY_4_True,0.02,1.0,1.0,0.021111111111111112,0.02
Strongly_1000_2_XY_6_False,0.01,1.0,1.0,0.021111111111111112,0.02
Strongly_1000_2_XY_6_True,0.02,1.0,1.0,0.021111111111111112,0.02
Strongly_1000_2_XY_8_False,0.01,1.0,1.0,0.021111111111111112,0.02
Strongly_1000_2_XY_8_True,0.02,1.0,1.0,0.021111111111111112,0.02
Strongly_1000_2_XZY_10_False,0.02,1.0,1.0,0.021111111111111112,0.02
Strongly_1000_2_XZY_10_True,0.02,1.0,1.0,0.021111111111111112,0.02
Strongly_1000_2_XZY_2_False,0.02,1.0,1.0,0.021111111111111112,0.02
Strongly_1000_2_XZY_2_True,0.02,1.0,1.0,0.021158129175946547,0.02
Strongly_1000_2_XZY_4_False,0.02,1.0,1.0,0.021111111111111112,0.02
Strongly_1000_2_XZY_4_True,0.02,1.0,1.0,0.021111111111111112,0.02
Strongly_1000_2_XZY_6_False,0.02,1.0,1.0,0.021111111111111112,0.02
Strongly_1000_2_XZY_6_True,0.02,1.0,1.0,0.021111111111111112,0.02
Strongly_1000_2_XZY_8_False,0.02,1.0,1.0,0.021111111111111112,0.02
Strongly_1000_2_XZY_8_True,0.02,1.0,1.0,0.021111111111111112,0.02
Strongly_1000_2_XZ_10_False,0.02,1.0,1.0,0.021111111111111112,0.02
Strongly_1000_2_XZ_10_True,0.02,1.0,1.0,0.021111111111111112,0.02
Strongly_1000_2_XZ_2_False,0.02,1.0,1.0,0.021111111111111112,0.02
Strongly_1000_2_XZ_2_True,0.02,1.0,1.0,0.021111111111111112,0.02
Strongly_1000_2_XZ_4_False,0.02,1.0,1.0,0.021111111111111112,0.02
Strongly_1000_2_XZ_4_True,0.02,1.0,1.0,0.021111111111111112,0.02
Strongly_1000_2_XZ_6_False,0.02,1.0,1.0,0.021111111111111112,0.02
Strongly_1000_2_XZ_6_True,0.02,1.0,1.0,0.021111111111111112,0.02
Strongly_1000_2_XZ_8_False,0.02,1.0,1.0,0.021111111111111112,0.02
Strongly_1000_2_XZ_8_True,0.02,1.0,1.0,0.021111111111111112,0.02
Strongly_1000_2_X_10_False,0.02,1.0,1.0,0.021111111111111112,0.02
Strongly_1000_2_X_10_True,0.02,1.0,1.0,0.021111111111111112,0.02
Strongly_1000_2_X_2_False,0.02,1.0,1.0,0.021111111111111112,0.02
Strongly_1000_2_X_2_True,0.02,1.0,1.0,0.021111111111111112,0.02
Strongly_1000_2_X_4_False,0.02,1.0,1.0,0.021111111111111112,0.02
Strongly_1000_2_X_4_True,0.02,1.0,1.0,0.021111111111111112,0.02
Strongly_1000_2_X_6_False,0.02,1.0,1.0,0.021111111111111112,0.02
Strongly_1000_2_X_6_True,0.02,1.0,1.0,0.021111111111111112,0.02
Strongly_1000_2_X_8_False,0.01,1.0,1.0,0.021111111111111112,0.02
Strongly_1000_2_X_8_True,0.02,1.0,1.0,0.021111111111111112,0.02
Strongly_1000_2_YXZ_10_False,0.02,1.0,1.0,0.021111111111111112,0.02
Strongly_1000_2_YXZ_10_True,0.02,1.0,1.0,0.021111111111111112,0.02
Strongly_1000_2_YXZ_2_False,0.02,1.0,1.0,0.021111111111111112,0.02
Strongly_1000_2_YXZ_2_True,0.02,1.0,1.0,0.021111111111111112,0.02
Strongly_1000_2_YXZ_4_False,0.02,1.0,1.0,0.021111111111111112,0.02
Strongly_1000_2_YXZ_4_True,0.02,1.0,1.0,0.021111111111111112,0.02
Strongly_1000_2_YXZ_6_False,0.02,1.0,1.0,0.021111111111111112,0.02
Strongly_1000_2_YXZ_6_True,0.02,1.0,1.0,0.021111111111111112,0.02
Strongly_1000_2_YXZ_8_False,0.02,1.0,1.0,0.021111111111111112,0.02
Strongly_1000_2_YXZ_8_True,0.02,1.0,1.0,0.021111111111111112,0.02
Strongly_1000_2_YXZ_H_10_False,0.02,1.0,1.0,0.021111111111111112,0.02
Strongly_1000_2_YXZ_H_10_True,0.02,1.0,1.0,0.021111111111111112,0.02
Strongly_1000_2_YXZ_H_2_False,0.02,1.0,1.0,0.021111111111111112,0.02
Strongly_1000_2_YXZ_H_2_True,0.02,1.0,1.0,0.021181716833890748,0.020202020202020204
Strongly_1000_2_YXZ_H_4_False,0.02,1.0,1.0,0.021111111111111112,0.02
Strongly_1000_2_YXZ_H_4_True,0.02,1.0,1.0,0.021111111111111112,0.02
Strongly_1000_2_YXZ_H_6_False,0.01,1.0,1.0,0.021111111111111112,0.02
Strongly_1000_2_YXZ_H_6_True,0.02,1.0,1.0,0.021111111111111112,0.02
Strongly_1000_2_YXZ_H_8_False,0.02,1.0,1.0,0.021111111111111112,0.02
Strongly_1000_2_YXZ_H_8_True,0.02,1.0,1.0,0.021111111111111112,0.02
Strongly_1000_2_YX_10_False,0.01,1.0,1.0,0.021111111111111112,0.02
Strongly_1000_2_YX_10_True,0.02,1.0,1.0,0.021111111111111112,0.02
Strongly_1000_2_YX_2_False,0.02,1.0,1.0,0.021517553793884484,0.02040816326530612
Strongly_1000_2_YX_2_True,0.02,1.0,1.0,0.021111111111111112,0.02
Strongly_1000_2_YX_4_False,0.02,1.0,1.0,0.021664766248574687,0.02040816326530612
Strongly_1000_2_YX_4_True,0.02,1.0,1.0,0.021111111111111112,0.02
Strongly_1000_2_YX_6_False,0.02,1.0,1.0,0.02286401925391095,0.02040816326530612
Strongly_1000_2_YX_6_True,0.02,1.0,1.0,0.021111111111111112,0.02
Strongly_1000_2_YX_8_False,0.01,1.0,1.0,0.021111111111111112,0.02
Strongly_1000_2_YX_8_True,0.02,1.0,1.0,0.021111111111111112,0.02
Strongly_1000_2_YX_H_10_False,0.02,1.0,1.0,0.021111111111111112,0.02
Strongly_1000_2_YX_H_10_True,0.02,1.0,1.0,0.021111111111111112,0.02
Strongly_1000_2_YX_H_2_False,0.02,1.0,1.0,0.021111111111111112,0.02
Strongly_1000_2_YX_H_2_True,0.02,1.0,1.0,0.021111111111111112,0.02
Strongly_1000_2_YX_H_4_False,0.02,1.0,1.0,0.021111111111111112,0.02
Strongly_1000_2_YX_H_4_True,0.02,1.0,1.0,0.021111111111111112,0.02
Strongly_1000_2_YX_H_6_False,0.02,1.0,1.0,0.021111111111111112,0.02
Strongly_1000_2_YX_H_6_True,0.02,1.0,1.0,0.021111111111111112,0.02
Strongly_1000_2_YX_H_8_False,0.02,1.0,1.0,0.021111111111111112,0.02
Strongly_1000_2_YX_H_8_True,0.02,1.0,1.0,0.021111111111111112,0.02
Strongly_1000_2_YZX_10_False,0.01,1.0,1.0,0.021111111111111112,0.02
Strongly_1000_2_YZX_10_True,0.02,1.0,1.0,0.021111111111111112,0.02
Strongly_1000_2_YZX_2_False,0.02,1.0,1.0,0.021229050279329607,0.02
Strongly_1000_2_YZX_2_True,0.02,1.0,1.0,0.02142051860202931,0.02040816326530612
Strongly_1000_2_YZX_4_False,0.01,1.0,1.0,0.021111111111111112,0.02
Strongly_1000_2_YZX_4_True,0.02,1.0,1.0,0.021111111111111112,0.02
Strongly_1000_2_YZX_6_False,0.01,1.0,1.0,0.021111111111111112,0.02
Strongly_1000_2_YZX_6_True,0.02,1.0,1.0,0.021111111111111112,0.02
Strongly_1000_2_YZX_8_False,0.01,1.0,1.0,0.021111111111111112,0.02
Strongly_1000_2_YZX_8_True,0.02,1.0,1.0,0.021111111111111112,0.02
Strongly_1000_2_YZX_H_10_False,0.02,1.0,1.0,0.021111111111111112,0.02
Strongly_1000_2_YZX_H_10_True,0.02,1.0,1.0,0.021111111111111112,0.02
Strongly_1000_2_YZX_H_2_False,0.02,1.0,1.0,0.021111111111111112,0.02
Strongly_1000_2_YZX_H_2_True,0.01,1.0,1.0,0.021111111111111112,0.02
Strongly_1000_2_YZX_H_4_False,0.02,1.0,1.0,0.021111111111111112,0.02
Strongly_1000_2_YZX_H_4_True,0.02,1.0,1.0,0.021111111111111112,0.02
Strongly_1000_2_YZX_H_6_False,0.02,1.0,1.0,0.021111111111111112,0.02
Strongly_1000_2_YZX_H_6_True,0.02,1.0,1.0,0.021111111111111112,0.02
Strongly_1000_2_YZX_H_8_False,0.02,1.0,1.0,0.021111111111111112,0.02
Strongly_1000_2_YZX_H_8_True,0.02,1.0,1.0,0.021111111111111112,0.02
Strongly_1000_2_YZ_10_False,0.02,1.0,1.0,0.021111111111111112,0.02
Strongly_1000_2_YZ_10_True,0.02,1.0,1.0,0.021111111111111112,0.02
Strongly_1000_2_YZ_2_False,0.02,1.0,1.0,0.021111111111111112,0.02
Strongly_1000_2_YZ_2_True,0.02,1.0,1.0,0.021111111111111112,0.02
Strongly_1000_2_YZ_4_False,0.02,1.0,1.0,0.021111111111111112,0.02
Strongly_1000_2_YZ_4_True,0.02,1.0,1.0,0.021111111111111112,0.02
Strongly_1000_2_YZ_6_False,0.02,1.0,1.0,0.021111111111111112,0.02
Strongly_1000_2_YZ_6_True,0.02,1.0,1.0,0.021111111111111112,0.02
Strongly_1000_2_YZ_8_False,0.02,1.0,1.0,0.021111111111111112,0.02
Strongly_1000_2_YZ_8_True,0.02,1.0,1.0,0.021111111111111112,0.02
Strongly_1000_2_YZ_H_10_False,0.01,1.0,1.0,0.021111111111111112,0.02
Strongly_1000_2_YZ_H_10_True,0.02,1.0,1.0,0.021111111111111112,0.02
Strongly_1000_2_YZ_H_2_False,0.02,1.0,1.0,0.021493212669683258,0.020202020202020204
Strongly_1000_2_YZ_H_2_True,0.02,1.0,1.0,0.021111111111111112,0.02
Strongly_1000_2_YZ_H_4_False,0.02,1.0,1.0,0.0220162224797219,0.02040816326530612
Strongly_1000_2_YZ_H_4_True,0.02,1.0,1.0,0.021111111111111112,0.02
Strongly_1000_2_YZ_H_6_False,0.02,1.0,1.0,0.022485207100591716,0.02040816326530612
Strongly_1000_2_YZ_H_6_True,0.02,1.0,1.0,0.021111111111111112,0.02
Strongly_1000_2_YZ_H_8_False,0.01,1.0,1.0,0.021111111111111112,0.02
Strongly_1000_2_YZ_H_8_True,0.02,1.0,1.0,0.021111111111111112,0.02
Strongly_1000_2_Y_10_False,0.02,1.0,1.0,0.021111111111111112,0.02
Strongly_1000_2_Y_10_True,0.02,1.0,1.0,0.021111111111111112,0.02
Strongly_1000_2_Y_2_False,0.02,1.0,1.0,0.021111111111111112,0.02
Strongly_1000_2_Y_2_True,0.02,1.0,1.0,0.021111111111111112,0.02
Strongly_1000_2_Y_4_False,0.02,1.0,1.0,0.021111111111111112,0.02
Strongly_1000_2_Y_4_True,0.02,1.0,1.0,0.021111111111111112,0.02
Strongly_1000_2_Y_6_False,0.02,1.0,1.0,0.021111111111111112,0.02
Strongly_1000_2_Y_6_True,0.02,1.0,1.0,0.021111111111111112,0.02
Strongly_1000_2_Y_8_False,0.02,1.0,1.0,0.021111111111111112,0.02
Strongly_1000_2_Y_8_True,0.02,1.0,1.0,0.021111111111111112,0.02
Strongly_1000_2_Y_H_10_False,0.02,1.0,1.0,0.021111111111111112,0.02
Strongly_1000_2_Y_H_10_True,0.02,1.0,1.0,0.021111111111111112,0.02
Strongly_1000_2_Y_H_2_False,0.02,1.0,1.0,0.021111111111111112,0.02
Strongly_1000_2_Y_H_2_True,0.02,1.0,1.0,0.021111111111111112,0.02
Strongly_1000_2_Y_H_4_False,0.02,1.0,1.0,0.021111111111111112,0.02
Strongly_1000_2_Y_H_4_True,0.02,1.0,1.0,0.021111111111111112,0.02
Strongly_1000_2_Y_H_6_False,0.02,1.0,1.0,0.021111111111111112,0.02
Strongly_1000_2_Y_H_6_True,0.02,1.0,1.0,0.021111111111111112,0.02
Strongly_1000_2_Y_H_8_False,0.02,1.0,1.0,0.021111111111111112,0.02
Strongly_1000_2_Y_H_8_True,0.02,1.0,1.0,0.021111111111111112,0.02
Strongly_1000_2_ZXY_H_10_False,0.01,1.0,1.0,0.021111111111111112,0.02
Strongly_1000_2_ZXY_H_10_True,0.02,1.0,1.0,0.021111111111111112,0.02
Strongly_1000_2_ZXY_H_2_False,0.02,1.0,1.0,0.021111111111111112,0.02
Strongly_1000_2_ZXY_H_2_True,0.02,1.0,1.0,0.021111111111111112,0.02
Strongly_1000_2_ZXY_H_4_False,0.02,1.0,1.0,0.02159090909090909,0.020202020202020204
Strongly_1000_2_ZXY_H_4_True,0.02,1.0,1.0,0.021111111111111112,0.02
Strongly_1000_2_ZXY_H_6_False,0.01,1.0,1.0,0.021111111111111112,0.02
Strongly_1000_2_ZXY_H_6_True,0.02,1.0,1.0,0.021111111111111112,0.02
Strongly_1000_2_ZXY_H_8_False,0.01,1.0,1.0,0.021111111111111112,0.02
Strongly_1000_2_ZXY_H_8_True,0.02,1.0,1.0,0.021111111111111112,0.02
Strongly_1000_2_ZX_H_10_False,0.02,1.0,1.0,0.021111111111111112,0.02
Strongly_1000_2_ZX_H_10_True,0.02,1.0,1.0,0.021111111111111112,0.02
Strongly_1000_2_ZX_H_2_False,0.02,1.0,1.0,0.021111111111111112,0.02
Strongly_1000_2_ZX_H_2_True,0.02,1.0,1.0,0.021111111111111112,0.02
Strongly_1000_2_ZX_H_4_False,0.02,1.0,1.0,0.021111111111111112,0.02
Strongly_1000_2_ZX_H_4_True,0.02,1.0,1.0,0.021111111111111112,0.02
Strongly_1000_2_ZX_H_6_False,0.02,1.0,1.0,0.021111111111111112,0.02
Strongly_1000_2_ZX_H_6_True,0.02,1.0,1.0,0.021111111111111112,0.02
Strongly_1000_2_ZX_H_8_False,0.02,1.0,1.0,0.021111111111111112,0.02
Strongly_1000_2_ZX_H_8_True,0.02,1.0,1.0,0.021111111111111112,0.02
Strongly_1000_2_ZYX_H_10_False,0.02,1.0,1.0,0.021111111111111112,0.02
Strongly_1000_2_ZYX_H_10_True,0.02,1.0,1.0,0.021111111111111112,0.02
Strongly_1000_2_ZYX_H_2_False,0.02,1.0,1.0,0.021111111111111112,0.02
Strongly_1000_2_ZYX_H_2_True,0.02,1.0,1.0,0.021111111111111112,0.02
Strongly_1000_2_ZYX_H_4_False,0.02,1.0,1.0,0.021111111111111112,0.02
Strongly_1000_2_ZYX_H_4_True,0.02,1.0,1.0,0.021111111111111112,0.02
Strongly_1000_2_ZYX_H_6_False,0.02,1.0,1.0,0.021111111111111112,0.02
Strongly_1000_2_ZYX_H_6_True,0.02,1.0,1.0,0.021111111111111112,0.02
Strongly_1000_2_ZYX_H_8_False,0.02,1.0,1.0,0.021111111111111112,0.02
Strongly_1000_2_ZYX_H_8_True,0.02,1.0,1.0,0.021111111111111112,0.02
Strongly_1000_2_ZY_H_10_False,0.01,1.0,1.0,0.021111111111111112,0.02
Strongly_1000_2_ZY_H_10_True,0.02,1.0,1.0,0.021111111111111112,0.02
Strongly_1000_2_ZY_H_2_False,0.02,1.0,1.0,0.021111111111111112,0.02
Strongly_1000_2_ZY_H_2_True,0.02,1.0,1.0,0.021111111111111112,0.02
Strongly_1000_2_ZY_H_4_False,0.02,1.0,1.0,0.021517553793884484,0.020202020202020204
Strongly_1000_2_ZY_H_4_True,0.02,1.0,1.0,0.021111111111111112,0.02
Strongly_1000_2_ZY_H_6_False,0.02,1.0,1.0,0.023543990086741014,0.02127659574468085
Strongly_1000_2_ZY_H_6_True,0.02,1.0,1.0,0.021111111111111112,0.02
Strongly_1000_2_ZY_H_8_False,0.01,1.0,1.0,0.021111111111111112,0.02
Strongly_1000_2_ZY_H_8_True,0.02,1.0,1.0,0.021111111111111112,0.02
Strongly_1000_2_Z_H_10_False,0.01,1.0,1.0,0.021111111111111112,0.02
Strongly_1000_2_Z_H_10_True,0.02,1.0,1.0,0.021111111111111112,0.02
Strongly_1000_2_Z_H_2_False,0.02,1.0,1.0,0.022144522144522144,0.02040816326530612
Strongly_1000_2_Z_H_2_True,0.02,1.0,1.0,0.021111111111111112,0.02
Strongly_1000_2_Z_H_4_False,0.02,1.0,1.0,0.021111111111111112,0.02
Strongly_1000_2_Z_H_4_True,0.02,1.0,1.0,0.021111111111111112,0.02
Strongly_1000_2_Z_H_6_False,0.02,1.0,1.0,0.021111111111111112,0.02
Strongly_1000_2_Z_H_6_True,0.02,1.0,1.0,0.021111111111111112,0.02
Strongly_1000_2_Z_H_8_False,0.02,1.0,1.0,0.021111111111111112,0.02
Strongly_1000_2_Z_H_8_True,0.02,1.0,1.0,0.021111111111111112,0.02
